28 0 0,9
39 0 0,9
11 1 0,9
1 1 1,9
12 1 1,9
33 2 1,9
10 2 0,9
6 3 1,9
33 4 0,9
5 4 2,9
31 4 0,9
5 5 0,9
19 5 0,9
30 5 5,9
8 5 1,9
1 6 0,9
34 6 0,9
22 7 2,9
49 7 1,9
19 7 0,9
45 8 0,9
2 8 1,9
40 9 0,9
3 9 2,9
31 10 6,9
48 10 0,9
33 10 0,9
44 11 2,9
19 11 3,9
38 11 0,9
4 11 1,9
45 12 2,9
24 12 1,9
24 12 3,9
11 13 2,9
13 14 0,9
31 14 3,9
3 14 0,9
4 15 1,9
10 15 1,9
25 15 0,9
25 16 2,9
2 16 1,9
46 16 5,9
46 16 0,9
38 17 2,9
44 17 0,9
5 17 2,9
22 18 0,9
46 18 0,9
39 19 0,9
13 19 2,9
39 19 2,9
45 20 0,9
28 20 0,9
49 20 0,9
15 21 0,9
5 22 0,9
20 22 0,9
22 23 1,9
20 23 0,9
22 24 0,9
39 24 1,9
20 25 1,9
15 25 2,9
36 25 1,9
25 25 0,9
45 26 2,9
14 26 0,9
25 26 1,9
35 27 0,9
16 27 0,9
35 28 1,9
9 29 0,9
1 29 2,9
40 29 0,9
49 31 3,9
35 31 1,9
15 32 4,9
13 33 2,9
3 33 1,9
48 33 0,9
38 34 0,9
6 34 1,9
28 34 2,9
13 35 0,9
48 35 0,9
5 36 0,9
43 36 0,9
6 36 4,9
23 36 1,9
8 37 0,9
38 37 0,9
2 37 0,9
8 38 0,9
33 38 1,9
43 38 1,9
10 39 0,9
10 39 2,9
25 40 0,9
16 40 1,9
0 40 1,9
22 41 0,9
49 41 1,9
31 41 1,9
2 42 0,9
46 42 4,9
6 42 7,9
27 43 1,9
36 43 3,9
1 43 0,9
3 44 0,9
0 44 1,9
43 45 0,9
46 45 2,9
16 45 0,9
24 45 0,9
3 46 4,9
0 46 1,9
15 47 2,9
24 47 1,9
36 49 2,9
39 49 0,9
