29 0 2,3 5,5 9,9
38 0 2,3 6,6 9,9
13 1 5,6 8,9
1 2 4,4 6,7
13 2 1,2 5,5 7,9
32 3 2,2 5,5 7,7 9,9
12 3 2,7
10 3 3,3 5,5 7,7
32 3 2,2 5,7 9,9
7 3 4,9
31 4 1,3 6,6 9,9
7 4 1,2 7,9
19 4 3,3 5,6 8,8
30 5 3,5 9,9
11 5 1,3 5,5 9,9
0 5 1,3 5,5 7,7
33 6 2,2 7,9
22 6 2,6
4 6 3,4 6,6 8,8
46 7 1,1 3,5 7,8
7 7 3,3 6,6
39 7 2,3 5,5 9,9
31 8 2,3 5,5 7,7 9,9
49 9 8,8
31 9 8,9
43 10 3,3 7,7 9,9
19 11 2,2 4,4 9,9
35 11 4,4 6,6 8,8
6 11 1,1 9,9
4 12 2,3 5,5 7,7
33 12 2,2 4,4 6,6 8,9
6 13 2,4 6,6 9,9
46 13 2,3 5,6
25 13 3,3 5,7
28 14 1,1 4,4 6,6 8,9
0 14 1,2 5,6 8,8
17 15 2,2 4,4 8,8
3 16 4,4 6,7 9,9
22 16 2,4 6,6 9,9
39 17 1,1 7,9
12 17 2,4 7,8
28 18 1,1 3,3 5,5 7,7 9,9
28 18 1,1 3,3 5,5 7,7 9,9
33 18 1,1 3,7 9,9
47 19 6,7 9,9
47 19 4,4
35 19 4,5 8,9
43 20 3,4 6,6 8,9
37 20 4,5 7,9
22 20 4,5 7,7 9,9
48 21 2,2 4,6 8,8
0 21 3,4 7,8
17 22 5,7 9,9
38 22 3,5 7,8
44 22 3,3 7,9
8 23 4,4 6,6 8,9
18 23 4,4 9,9
7 23 2,2 8,9
21 24 2,4 6,8
4 25 7,7 9,9
21 25 2,4 7,8
13 25 4,5
16 26 4,6
21 26 4,5
18 26 3,5 8,8
35 26 4,6 9,9
11 27 1,5 8,9
11 28 2,2 4,4 6,6 9,9
27 28 1,1 3,4 6,7
34 28 1,3 8,9
38 29 3,5 8,9
34 29 2,2 5,8
28 29 3,3 5,5 8,9
10 29 2,4
18 29 4,4 6,6 9,9
4 30 2,2 7,9
26 30 5,5 8,8
12 30 2,7 9,9
44 31 1,2 6,6 9,9
48 31 2,2 6,8
35 31 4,4 6,7 9,9
19 32 2,2 4,5
29 32 4,7
15 32 2,5 7,9
48 32 2,3 6,6 9,9
18 33 1,2 4,4 6,8
11 33 3,3 5,5 8,8
44 34 1,1 3,3 5,5 7,7
22 34 3,3 5,5
43 35 4,4 7,8
35 35 5,5 8,9
31 35 6,7
29 36 6,7
30 37 3,3 5,5 7,8
28 38 1,2 5,6 9,9
42 38 3,6 8,8
6 39 1,7 9,9
10 39 1,1 3,3 5,6 9,9
2 39 1,1 4,5 7,7
47 40 4,4 6,6 9,9
19 40 2,2 5,5 8,9
4 40 3,4 6,6 8,9
10 41 4,7
18 41 4,4 7,9
47 41 4,4 8,9
17 42 1,2 5,5 7,8
0 42 2,3 5,5 9,9
4 43 5,5 9,9
6 44 1,1 5,5 8,9
30 44 1,2 4,5 8,9
24 44 3,6
21 45 2,3 5,7
6 45 2,4 7,8
0 46 1,1 3,3 6,7
39 46 3,3 8,9
11 46 3,5 9,9
6 47 3,5
33 47 6,6 8,8
36 47 2,3 5,6 9,9
12 48 2,2 4,4 8,9
7 48 1,6 8,8
21 48 3,3 7,8
38 49 9,9
