27 0 4,9
37 0 6,9
12 0 2,9
1 1 2,9
12 1 4,9
30 1 0,9
12 1 0,9
9 2 0,9
30 2 2,9
6 2 0,9
29 3 1,9
8 3 0,9
21 3 0,9
28 3 1,9
10 4 1,9
0 4 1,9
31 4 1,9
24 5 0,9
2 5 1,9
43 5 0,9
7 6 0,9
37 6 1,9
29 6 3,9
48 7 0,9
29 8 0,9
40 9 1,9
20 9 2,9
34 10 0,9
4 10 2,9
3 10 0,9
31 10 1,9
4 11 0,9
43 12 3,9
26 12 0,9
26 12 0,9
0 13 2,9
16 13 0,9
2 14 1,9
24 15 0,9
39 15 3,9
11 16 1,9
27 16 0,9
27 16 2,9
32 16 0,9
46 17 2,9
46 17 0,9
34 17 1,9
42 18 1,9
37 18 0,9
23 19 0,9
47 19 3,9
0 19 0,9
14 19 0,9
37 19 0,9
42 20 4,9
8 21 0,9
18 21 1,9
6 21 2,9
21 22 5,9
3 23 3,9
21 23 1,9
13 23 0,9
13 24 0,9
21 24 1,9
19 25 4,9
33 26 0,9
11 26 0,9
9 26 3,9
26 28 6,9
32 28 0,9
37 28 1,9
32 29 0,9
26 29 0,9
9 30 1,9
19 30 2,9
3 30 0,9
26 31 0,9
12 31 0,9
43 32 3,9
47 32 1,9
33 33 0,9
20 33 1,9
27 34 2,9
13 35 1,9
47 35 0,9
18 36 4,9
11 36 7,9
43 36 0,9
24 37 4,9
41 37 0,9
33 38 0,9
30 38 1,9
28 38 0,9
29 39 1,9
26 39 0,9
40 39 1,9
4 40 2,9
8 41 1,9
1 41 4,9
47 41 2,9
19 41 6,9
3 41 2,9
9 42 2,9
18 42 0,9
44 42 0,9
17 43 1,9
0 43 4,9
3 43 0,9
4 44 1,9
28 44 0,9
24 44 1,9
23 44 0,9
4 45 4,9
0 45 0,9
39 45 0,9
10 46 0,9
4 46 4,9
30 46 1,9
34 46 1,9
11 47 0,9
7 47 0,9
23 47 1,9
37 48 1,9
24 48 0,9
48 49 0,9
18 49 0,9
