10 7 0,1
11 4 0,2
12 6 3,3
13 4 0,0 2,2
15 9 1,1 3,3
16 10 0,1
17 9 0,0
18 5 0,0 2,2
19 2 0,1 3,3
20 3 0,0 2,2
21 6 3,3
23 1 3,3
25 7 2,2
26 2 0,1 3,3
27 2 0,0
29 0 1,1
30 8 3,3
31 7 0,0
33 5 1,2
34 3 0,0
35 4 0,2
36 7 0,1
37 2 0,0
38 3 0,0 2,2
39 9 0,0 3,3
40 1 2,2
41 3 2,2
43 10 0,1
44 3 0,0
46 7 0,2
47 9 0,1 3,3
48 8 3,3
49 8 1,1
50 0 1,1
51 9 3,3
52 2 0,1 3,3
53 9 0,0 3,3
54 10 0,1
55 7 1,2
57 3 2,2
58 3 0,0
59 5 0,0
60 8 1,2
61 3 0,0 2,2
63 6 3,3
64 10 0,1
65 10 0,0
66 4 0,0 2,2
67 9 0,0
68 10 1,1
69 9 0,1 3,3
71 8 1,1 3,3
72 1 2,3
74 5 1,1
75 7 0,0 2,2
76 0 1,1
78 0 1,1
79 10 1,1
81 9 1,1 3,3
82 8 1,1
83 10 1,1
84 4 0,0
85 10 1,1
86 0 1,1
87 8 1,3
88 6 3,3
89 0 1,1
90 8 3,3
91 7 0,1
92 9 0,0
93 4 0,0
95 10 0,1
96 10 0,0
97 0 1,1
99 2 0,0
11 103 0,2
11 102 0,2
12 103 1,1 3,3
13 102 0,0 2,3
14 100 3,3
15 105 1,1 3,3
15 105 1,1 3,3
19 102 0,1 3,3
19 101 0,1 3,3
19 104 0,1 3,3
27 102 0,0 2,2
39 103 0,0 2,3
63 101 0,3
96 102 0,0
