54 0 6,10
16 1 0,3 5,8
70 2 4,8
56 3 2,2 5,5 9,10
51 4 1,6 9,9
83 5 1,4 6,6 8,9
42 6 5,5 7,8
33 7 0,0 3,3 5,7 9,9
14 8 2,2 8,8 10,10
36 9 3,7 9,9
68 95 0,1 4,4 6,7 10,10 12,15 17,17 19,19 25,28
56 95 2,2 5,5 9,14 18,18 20,20 23,23 26,26 28,29
79 95 1,1 3,3 6,8 11,11 13,13 15,16 18,18 20,20 25,25 27,29
62 95 0,1 3,3 8,8 11,11 15,15 19,21 23,24 26,26 28,28
39 95 4,5 7,7 9,11 15,15 19,19 23,24 27,29
40 95 0,1 3,6 8,10 17,18 21,21 24,25 28,29
21 95 1,5 7,7 10,12 16,16 20,21 23,23 25,28
44 95 0,6 8,9 15,15 18,18 20,20 23,25 27,28
62 95 0,1 3,3 8,8 11,11 15,15 19,21 23,24 26,26 28,28
75 95 0,0 3,3 5,5 9,9 14,16 18,20 22,23 27,29
29 95 0,0 2,2 4,5 7,7 9,9 11,11 14,16 19,21 25,25 28,28
84 95 1,1 4,4 6,6 11,12 17,18 20,20 23,24 27,27
50 95 0,1 3,3 5,6 8,9 12,14 18,19 22,23 26,26 28,28
57 95 0,2 4,8 10,10 16,17 20,20 22,22 26,27 29,29
63 95 0,0 7,7 13,14 16,17 19,19 21,21 23,24 27,29
55 96 0,1 3,3 8,11 16,16 18,20 22,22 24,24 27,27
42 96 5,5 7,8 10,13 17,18 20,20 24,24 26,26
73 96 2,3 6,7 9,9 11,11 13,18 20,21 23,23 25,25 27,27
24 96 0,0 2,2 5,7 11,11 13,14 16,16 18,18 20,24
27 96 0,0 4,6 8,8 10,11 13,15 17,19 21,21 24,24
92 96 0,1 3,5 9,9 12,12 15,18 20,22 24,25 27,29
34 96 1,2 4,5 8,11 13,14 16,16 19,20 23,23 25,28
53 96 0,1 3,4 8,10 12,15 17,18 20,20 23,26
76 96 0,0 2,4 6,7 10,10 13,16 19,19 21,22 25,25 28,29
31 96 6,7 11,14 16,16 18,18 20,20 24,25 27,27
87 96 0,2 4,4 6,7 9,9 11,12 14,16 18,19 23,23 25,27
45 96 2,2 4,4 6,7 10,11 16,16 19,20 22,23 25,25 27,29
58 96 0,2 4,4 8,8 10,11 23,23 25,25 27,29
69 96 1,1 5,8 10,10 12,13 16,16 18,18 20,20 25,26 28,28
91 97 0,5 8,11 13,13 21,21 27,27
14 98 0,0 2,2 8,8 10,11 20,20 23,24 26,27
54 98 0,0 6,11 13,16 18,18 21,21 27,29
38 98 2,2 4,4 6,6 10,12 14,15 17,20 23,23 25,29
56 98 2,2 5,5 9,14 18,18 20,20 23,23 26,26 28,29
16 98 0,3 5,8 10,12 14,14 17,18 21,24 27,29
26 98 0,0 5,5 10,10 13,13 15,17 19,19 22,23 27,28
17 98 0,5 7,9 13,15 17,17 23,23 25,29
30 98 5,6 8,8 12,12 14,15 17,20 28,28
25 99 5,5 7,7 10,13 15,15 18,18 20,29
66 99 6,7 9,9 12,12 14,14 16,16 21,25 29,29
22 99 1,2 4,4 6,7 10,10 15,16 21,22 25,25 28,28
77 99 2,2 8,10 12,15 17,18 20,21 24,24 26,26 28,29
18 99 0,2 4,4 6,7 9,10 12,12 16,18 24,27 29,29
