0 92 0,9
0 96 0,9
0 71 0,9
0 66 0,9
0 94 0,9
0 85 0,9
0 77 0,9
1 75 0,9
1 97 0,9
1 99 0,9
1 67 0,9
1 64 0,9
1 95 0,9
1 87 0,9
1 65 0,9
2 74 0,9
2 72 0,9
2 76 0,9
2 89 0,9
2 79 0,9
2 80 0,9
3 78 0,9
3 68 0,9
3 73 0,9
4 98 0,9
4 82 0,9
4 81 0,9
4 84 0,9
4 90 0,9
5 75 1,1 4,4 7,9
5 83 1,1 9,9
6 91 0,0 2,6 9,9
6 69 1,1 3,3 5,5
7 84 2,2 4,5 7,8
7 85 3,4 6,9
8 72 7,9
9 64 1,1 4,7 9,9
10 76 4,5 7,8
11 82 3,6 8,9
12 99 1,3 5,6 8,8
13 68 4,4 8,9
13 77 5,5
14 71 0,1 4,4 7,7 9,9
15 97 4,8
16 93 7,7 9,9
16 81 2,4 6,7
17 89 1,1 5,6 8,8
18 90 0,4 6,6
19 80 2,6 8,9
19 87 5,6
42 64 1,1
56 64 1,2
42 65 2,2
28 65 0,0 2,2
24 65 5,5
60 65 5,5
31 65 1,2
37 65 1,2
49 65 1,1
42 65 2,2
61 65 1,3
39 66 1,2
47 67 3,3
61 67 1,1 3,3
62 67 1,1
30 67 0,1
56 67 2,3
25 67 0,1
31 67 1,2
36 68 0,2
41 68 3,3
54 68 0,0 2,2
44 68 3,3
57 68 1,2
36 68 2,2
21 68 3,3
34 68 1,2
31 68 1,3
52 69 3,4
48 69 2,2
47 69 3,3
28 69 1,1
58 69 1,1
49 69 3,3
28 69 1,1
56 69 1,3
36 69 0,1
40 70 3,3
50 70 1,2
30 70 0,1
55 70 1,1
35 71 1,2
24 71 4,5
27 71 0,0 2,2
59 72 1,1 3,3
44 72 4,4
49 72 1,1
31 72 2,2
35 72 1,1 3,3
23 72 0,0 2,2
44 72 4,4
26 73 2,2
28 73 2,2
39 73 0,2
48 73 1,1
39 73 2,2
42 73 0,1
45 74 0,0 2,2
61 74 2,2
54 74 0,0 2,2
51 75 2,2
36 75 0,0
55 75 0,1
61 76 1,3
32 77 1,1
36 77 1,2
55 77 0,2
20 77 1,1
32 78 1,1 3,3
62 78 1,1
51 78 0,1
28 78 1,1
22 78 1,1
51 78 2,2
35 78 2,2
29 79 2,3
27 79 0,2
23 80 0,1
52 80 2,2 4,4
63 80 2,2
44 81 4,5
44 81 5,5
40 81 1,1
56 81 1,1 3,3
41 81 2,3
22 82 3,3
53 82 1,1
51 82 1,1
36 82 0,0 2,2
24 82 3,3
23 82 0,0 2,2
63 82 1,1
20 82 3,3
42 83 1,1
52 83 2,2 4,4
28 83 2,2
27 83 0,0
20 83 1,3
50 83 1,1 3,3
44 85 3,3
61 85 2,2
31 85 1,3
24 85 4,5
28 85 1,1
32 85 1,1
50 85 3,3
25 86 0,0
60 86 4,4
27 86 0,0 2,2
36 86 1,1
21 87 3,3
41 87 1,1
56 88 2,3
30 88 0,2
50 88 1,1 3,3
51 88 0,2
28 88 0,0 2,2
51 88 0,2
26 88 1,2
24 89 3,5
41 89 1,1 3,3
57 89 0,0 2,2
31 89 2,2
56 90 1,1 3,3
46 90 1,2
61 90 1,1
38 90 1,3
32 90 1,1 3,3
33 91 4,5
50 91 3,3
56 91 1,2
27 91 0,2
27 91 2,2
45 91 0,0
23 92 0,1
36 92 1,2
56 92 1,3
57 92 0,1
52 92 3,3
39 92 1,2
56 93 2,2
22 93 2,3
24 93 3,3 5,5
31 93 3,3
54 93 0,1
44 93 4,5
36 93 2,2
43 93 1,1
57 93 1,1
41 93 2,2
48 94 1,2
32 94 1,3
57 94 0,1
37 94 1,1 3,3
55 94 1,1
43 94 0,0 2,2
20 94 3,3
55 94 0,0
22 95 1,3
55 95 2,2
32 96 3,3
47 96 3,4
41 98 1,2
44 98 3,5
45 98 0,0
30 99 0,1
30 99 0,1
45 99 1,1
48 99 1,2
28 99 0,2
40 99 1,2
38 99 1,3
38 99 1,1 3,3
