0 0 3,4 7,7 15,15 17,17 21,21 27,29
1 3 0,0 3,6 8,9 12,12 16,17 20,20 26,27 29,29
2 3 0,0 2,2 4,6 8,9 11,12 16,16 18,18 22,22 24,24 28,28
3 4 0,0 3,3 6,6 9,9 13,13 16,16 20,20 22,28
4 4 1,2 4,6 8,8 12,12 14,15 17,17 22,24 26,27
1 5 0,29
1 6 0,29
3 7 0,29
3 8 0,29
1 9 0,29
3 10 0,29
3 11 0,29
1 12 0,29
1 13 0,29
1 14 0,29
1 15 0,29
1 16 0,29
1 17 0,29
1 18 0,29
0 19 0,29
3 20 0,29
1 21 0,29
3 22 0,29
3 23 0,29
4 24 0,29
1 25 0,29
3 26 0,29
3 27 0,29
3 28 0,29
3 29 0,29
1 30 0,29
3 31 0,29
3 32 0,29
4 33 0,29
3 34 0,29
1 35 0,29
0 36 0,29
0 37 0,29
3 38 0,29
3 39 0,29
1 40 0,29
3 41 0,29
1 42 0,29
1 43 0,29
3 44 0,29
3 45 0,29
3 46 0,29
3 47 0,29
1 48 0,29
1 49 0,29
